import numpy as np

#Amino acid frequencies for human, listeria (pathogen), or mouse
hum_freq_list = np.array([0.0225,0.0215,0.0359,0.0434,0.0985,0.0598,0.0123,0.0263,0.0692,0.0658,0.0536,0.0836,0.0360,0.0481,0.0476,0.0718,0.0261,0.0568,0.0576,0.0636])
path_freq_list = np.array([0.0061,0.0275,0.0453,0.0784,0.0951,0.0704,0.0093,0.0345,0.0774,0.0667,0.0611,0.0580,0.0462,0.0346,0.0544,0.0744,0.0178,0.0365,0.0716,0.0347])
mouse_freq_list = np.array([0.0681, 0.0563, 0.0358, 0.0481, 0.0228, 0.0479, 0.0700, 0.0641, 0.0263, 0.0439, 0.0993, 0.0576, 0.0221, 0.0369, 0.0619, 0.0850, 0.0541, 0.0120, 0.0269, 0.0609])

#Position conversions to either BLOSUM or MJ matrix amino acids
blosum_aaTonum = ['A','R','N','D','C','Q','E','G','H','I','L','K','M','F','P','S','T','W','Y','V']
jmat_aaTonum = ['C', 'M', 'F', 'I', 'L', 'V', 'W', 'Y', 'A', 'G', 'T', 'S', 'N','Q', 'D', 'E', 'H', 'R', 'K', 'P']

#MJ matrix values
J_mat = np.array([[-5.44000000000000,	-4.99000000000000,	-5.80000000000000,	-5.50000000000000,	-5.83000000000000,	-4.96000000000000,	-4.95000000000000,	-4.16000000000000,	-3.57000000000000,	-3.16000000000000,	-3.11000000000000,	-2.86000000000000,	-2.59000000000000,	-2.85000000000000,	-2.41000000000000,	-2.27000000000000,	-3.60000000000000,	-2.57000000000000,	-1.95000000000000,	-3.07000000000000],
[-4.99000000000000,	-5.46000000000000,	-6.56000000000000,	-6.02000000000000,	-6.41000000000000,	-5.32000000000000,	-5.55000000000000,	-4.91000000000000,	-3.94000000000000,	-3.39000000000000,	-3.51000000000000,	-3.03000000000000,	-2.95000000000000,	-3.30000000000000,	-2.57000000000000,	-2.89000000000000,	-3.98000000000000,	-3.12000000000000,	-2.48000000000000,	-3.45000000000000],
[-5.80000000000000,	-6.56000000000000,	-7.26000000000000,	-6.84000000000000,	-7.28000000000000,	-6.29000000000000,	-6.16000000000000,	-5.66000000000000,	-4.81000000000000,	-4.13000000000000,	-4.28000000000000,	-4.02000000000000,	-3.75000000000000,	-4.10000000000000,	-3.48000000000000,	-3.56000000000000,	-4.77000000000000,	-3.98000000000000,	-3.36000000000000,	-4.25000000000000],
[-5.50000000000000,	-6.02000000000000,	-6.84000000000000,	-6.54000000000000,	-7.04000000000000,	-6.05000000000000,	-5.78000000000000,	-5.25000000000000,	-4.58000000000000,	-3.78000000000000,	-4.03000000000000,	-3.52000000000000,	-3.24000000000000,	-3.67000000000000,	-3.17000000000000,	-3.27000000000000,	-4.14000000000000,	-3.63000000000000,	-3.01000000000000,	-3.76000000000000],
[-5.83000000000000,	-6.41000000000000,	-7.28000000000000,	-7.04000000000000,	-7.37000000000000,	-6.48000000000000,	-6.14000000000000,	-5.67000000000000,	-4.91000000000000,	-4.16000000000000,	-4.34000000000000,	-3.92000000000000,	-3.74000000000000,	-4.04000000000000,	-3.40000000000000,	-3.59000000000000,	-4.54000000000000,	-4.03000000000000,	-3.37000000000000,	-4.20000000000000],
[-4.96000000000000,	-5.32000000000000,	-6.29000000000000,	-6.05000000000000,	-6.48000000000000,	-5.52000000000000,	-5.18000000000000,	-4.62000000000000,	-4.04000000000000,	-3.38000000000000,	-3.46000000000000,	-3.05000000000000,	-2.83000000000000,	-3.07000000000000,	-2.48000000000000,	-2.67000000000000,	-3.58000000000000,	-3.07000000000000,	-2.49000000000000,	-3.32000000000000],
[-4.95000000000000,	-5.55000000000000,	-6.16000000000000,	-5.78000000000000,	-6.14000000000000,	-5.18000000000000,	-5.06000000000000,	-4.66000000000000,	-3.82000000000000,	-3.42000000000000,	-3.22000000000000,	-2.99000000000000,	-3.07000000000000,	-3.11000000000000,	-2.84000000000000,	-2.99000000000000,	-3.98000000000000,	-3.41000000000000,	-2.69000000000000,	-3.73000000000000],
[-4.16000000000000,	-4.91000000000000,	-5.66000000000000,	-5.25000000000000,	-5.67000000000000,	-4.62000000000000,	-4.66000000000000,	-4.17000000000000,	-3.36000000000000,	-3.01000000000000,	-3.01000000000000,	-2.78000000000000,	-2.76000000000000,	-2.97000000000000,	-2.76000000000000,	-2.79000000000000,	-3.52000000000000,	-3.16000000000000,	-2.60000000000000,	-3.19000000000000],
[-3.57000000000000,	-3.94000000000000,	-4.81000000000000,	-4.58000000000000,	-4.91000000000000,	-4.04000000000000,	-3.82000000000000,	-3.36000000000000,	-2.72000000000000,	-2.31000000000000,	-2.32000000000000,	-2.01000000000000,	-1.84000000000000,	-1.89000000000000,	-1.70000000000000,	-1.51000000000000,	-2.41000000000000,	-1.83000000000000,	-1.31000000000000,	-2.03000000000000],
[-3.16000000000000,	-3.39000000000000,	-4.13000000000000,	-3.78000000000000,	-4.16000000000000,	-3.38000000000000,	-3.42000000000000,	-3.01000000000000,	-2.31000000000000,	-2.24000000000000,	-2.08000000000000,	-1.82000000000000,	-1.74000000000000,	-1.66000000000000,	-1.59000000000000,	-1.22000000000000,	-2.15000000000000,	-1.72000000000000,	-1.15000000000000,	-1.87000000000000],
[-3.11000000000000,	-3.51000000000000,	-4.28000000000000,	-4.03000000000000,	-4.34000000000000,	-3.46000000000000,	-3.22000000000000,	-3.01000000000000,	-2.32000000000000,	-2.08000000000000,	-2.12000000000000,	-1.96000000000000,	-1.88000000000000,	-1.90000000000000,	-1.80000000000000,	-1.74000000000000,	-2.42000000000000,	-1.90000000000000,	-1.31000000000000,	-1.90000000000000],
[-2.86000000000000,	-3.03000000000000,	-4.02000000000000,	-3.52000000000000,	-3.92000000000000,	-3.05000000000000,	-2.99000000000000,	-2.78000000000000,	-2.01000000000000,	-1.82000000000000,	-1.96000000000000,	-1.67000000000000,	-1.58000000000000,	-1.49000000000000,	-1.63000000000000,	-1.48000000000000,	-2.11000000000000,	-1.62000000000000,	-1.05000000000000,	-1.57000000000000],
[-2.59000000000000,	-2.95000000000000,	-3.75000000000000,	-3.24000000000000,	-3.74000000000000,	-2.83000000000000,	-3.07000000000000,	-2.76000000000000,	-1.84000000000000,	-1.74000000000000,	-1.88000000000000,	-1.58000000000000,	-1.68000000000000,	-1.71000000000000,	-1.68000000000000,	-1.51000000000000,	-2.08000000000000,	-1.64000000000000,	-1.21000000000000,	-1.53000000000000],
[-2.85000000000000,	-3.30000000000000,	-4.10000000000000,	-3.67000000000000,	-4.04000000000000,	-3.07000000000000,	-3.11000000000000,	-2.97000000000000,	-1.89000000000000,	-1.66000000000000,	-1.90000000000000,	-1.49000000000000,	-1.71000000000000,	-1.54000000000000,	-1.46000000000000,	-1.42000000000000,	-1.98000000000000,	-1.80000000000000,	-1.29000000000000,	-1.73000000000000],
[-2.41000000000000,	-2.57000000000000,	-3.48000000000000,	-3.17000000000000,	-3.40000000000000,	-2.48000000000000,	-2.84000000000000,	-2.76000000000000,	-1.70000000000000,	-1.59000000000000,	-1.80000000000000,	-1.63000000000000,	-1.68000000000000,	-1.46000000000000,	-1.21000000000000,	-1.02000000000000,	-2.32000000000000,	-2.29000000000000,	-1.68000000000000,	-1.33000000000000],
[-2.27000000000000,	-2.89000000000000,	-3.56000000000000,	-3.27000000000000,	-3.59000000000000,	-2.67000000000000,	-2.99000000000000,	-2.79000000000000,	-1.51000000000000,	-1.22000000000000,	-1.74000000000000,	-1.48000000000000,	-1.51000000000000,	-1.42000000000000,	-1.02000000000000,	-0.910000000000000,	-2.15000000000000,	-2.27000000000000,	-1.80000000000000,	-1.26000000000000],
[-3.60000000000000,	-3.98000000000000,	-4.77000000000000,	-4.14000000000000,	-4.54000000000000,	-3.58000000000000,	-3.98000000000000,	-3.52000000000000,	-2.41000000000000,	-2.15000000000000,	-2.42000000000000,	-2.11000000000000,	-2.08000000000000,	-1.98000000000000,	-2.32000000000000,	-2.15000000000000,	-3.05000000000000,	-2.16000000000000,	-1.35000000000000,	-2.25000000000000],
[-2.57000000000000,	-3.12000000000000,	-3.98000000000000,	-3.63000000000000,	-4.03000000000000,	-3.07000000000000,	-3.41000000000000,	-3.16000000000000,	-1.83000000000000,	-1.72000000000000,	-1.90000000000000,	-1.62000000000000,	-1.64000000000000,	-1.80000000000000,	-2.29000000000000,	-2.27000000000000,	-2.16000000000000,	-1.55000000000000,	-0.590000000000000,	-1.70000000000000],
[-1.95000000000000,	-2.48000000000000,	-3.36000000000000,	-3.01000000000000,	-3.37000000000000,	-2.49000000000000,	-2.69000000000000,	-2.60000000000000,	-1.31000000000000,	-1.15000000000000,	-1.31000000000000,	-1.05000000000000,	-1.21000000000000,	-1.29000000000000,	-1.68000000000000,	-1.80000000000000,	-1.35000000000000,	-0.590000000000000,	-0.120000000000000,	-0.970000000000000],
[-3.07000000000000,	-3.45000000000000,	-4.25000000000000,	-3.76000000000000,	-4.20000000000000,	-3.32000000000000,	-3.73000000000000,	-3.19000000000000,	-2.03000000000000,	-1.87000000000000,	-1.90000000000000,	-1.57000000000000,	-1.53000000000000,	-1.73000000000000,	-1.33000000000000,	-1.26000000000000,	-2.25000000000000,	-1.70000000000000,	-0.970000000000000,	-1.75000000000000]])

#Mean interaction energies from MJ matrix
mean_J_mat = [-3.782 , -4.1915, -5.017,  -4.641,  -5.023,  -4.093,  -4.1375, -3.7505, -2.8455,
 -2.499,  -2.6145, -2.308,  -2.2505, -2.349,  -2.141,  -2.116,  -2.927,  -2.402,
 -1.789,  -2.443 ]

#BLOSUM similarity scoring matrix
blosum_matrix = [[4, -1, -2, -2, 0, -1, -1, 0, -2, -1, -1, -1, -1, -2, -1, 1, 0, -3, -2, 0],
                     [-1, 5, 0, -2, -3, 1, 0, -2, 0, -3, -2, 2, -1, -3, -2, -1, -1, -3, -2, -3],
                     [-2, 0, 6, 1, -3, 0, 0, 0, 1, -3, -3, 0, -2, -3, -2, 1, 0, -4, -2, -3],
                     [-2, -2, 1, 6, -3, 0, 2, -1, -1, -3, -4, -1, -3, -3, -1, 0, -1, -4, -3, -3],
                     [0, -3, -3, -3, 9, -3, -4, -3, -3, -1, -1, -3, -1, -2, -3, -1, -1, -2, -2, -1],
                     [-1, 1, 0, 0, -3, 5, 2, -2, 0, -3, -2, 1, 0, -3, -1, 0, -1, -2, -1, -2],
                     [-1, 0, 0, 2, -4, 2, 5, -2, 0, -3, -3, 1, -2, -3, -1, 0, -1, -3, -2, -2],
                     [0, -2, 0, -1, -3, -2, -2, 6, -2, -4, -4, -2, -3, -3, -2, 0, -2, -2, -3, -3],
                     [-2, 0, 1, -1, -3, 0, 0, -2, 8, -3, -3, -1, -2, -1, -2, -1, -2, -2, 2, -3],
                     [-1, -3, -3, -3, -1, -3, -3, -4, -3, 4, 2, -3, 1, 0, -3, -2, -1, -3, -1, 3],
                     [-1, -2, -3, -4, -1, -2, -3, -4, -3, 2, 4, -2, 2, 0, -3, -2, -1, -2, -1, 1],
                     [-1, 2, 0, -1, -3, 1, 1, -2, -1, -3, -2, 5, -1, -3, -1, 0, -1, -3, -2, -2],
                     [-1, -1, -2, -3, -1, 0, -2, -3, -2, 1, 2, -1, 5, 0, -2, -1, -1, -1, -1, 1],
                     [-2, -3, -3, -3, -2, -3, -3, -3, -1, 0, 0, -3, 0, 6, -4, -2, -2, 1, 3, -1],
                     [-1, -2, -2, -1, -3, -1, -1, -2, -2, -3, -3, -1, -2, -4, 7, -1, -1, -4, -3, -2],
                     [1, -1, 1, 0, -1, 0, 0, 0, -1, -2, -2, 0, -1, -2, -1, 4, 1, -3, -2, -2],
                     [0, -1, 0, -1, -1, -1, -1, -2, -2, -1, -1, -1, -1, -2, -1, 1, 5, -2, -2, 0],
                     [-3, -3, -4, -4, -2, -2, -3, -2, -2, -3, -2, -3, -1, 1, -4, -3, -2, 11, 2, -3],
                     [-2, -2, -2, -3, -2, -1, -2, -3, 2, -1, -1, -2, -1, 3, -3, -2, -2, 2, 7, -1],
                     [0, -3, -3, -3, -1, -2, -2, -3, -3, 3, 1, -2, 1, -1, -2, -2, 0, -3, -1, 4]]
